For lists of size 3 after 100 tests the max operations are :        2

maximum argument is 1479751433 -1232827737 -1379191911 

For lists of size 5 after 100 tests the max operations are :        9

maximum argument is 426755195 -1328966906 906413380 -615365095 597084741 

For lists of size 100 after 100 tests the max operations are :     1084

maximum argument is -1900861606 839489210 406858701 8399474 1177329197 1960435793 1330971817 382234399 2126984202 -2131908480 -1120345705 118201906 578124620 -1359301757 1373048812 -501726809 1381837859 -953669548 -220585625 -1395108364 -916994532 -1727041960 334614750 1894525504 -1541607584 1003579767 1107518801 -1188851855 744979345 -701343052 -1803852794 171886234 661320200 -450187035 -1440507295 443480408 -791905821 -223102277 1437228370 -705291336 -2050064072 -1993724661 -877496063 -1569723081 2053118283 563098894 -71356064 -859724267 -1959538554 -1503432696 -635555384 -1243151720 316959162 1206042644 838951846 -1156905232 1987242806 -1508548440 -606580996 688504799 1277141504 55238342 -876572470 -60127408 -930343064 1330858106 -464798143 262667001 119508481 -322542556 -294534320 643688542 468699887 676372737 -1907114243 1656595563 -1353280509 -599722288 -1605565619 -744345393 -879562360 1445277936 899114964 2016375958 -1435008369 -81076140 1810390650 519065582 1762671367 1179741520 -436684119 1866370354 -350863275 -1287456478 -2079081487 -1349151083 1239106323 -356446982 -1011961811 936768600 

For lists of size 500 after 20 tests the max operations are :     6784

maximum argument is -300648690 1321393143 -1444913629 2027154979 -1205213434 -1290317511 -1280571371 1411291339 1171077611 -1567960988 -1935189213 1036595201 2139814005 -1615882010 -2008550443 512013977 -1528190146 665590512 -3293726 1475836769 2115731681 2119387764 83063561 -1261472551 1537465352 -1351473385 211955216 -1793581135 -740924956 -857413941 -1165645935 1857242321 -1295499972 710253174 12271522 -1001479697 -1829256171 1108268378 -2108202130 1865393612 1818463122 1949297214 -1550429564 -1161982287 1361632871 1864012788 1876671293 1652062172 368953348 -1749382974 755337468 600208441 -23135853 -1548274008 -2112162114 1538292250 116852810 1687129549 1476435497 -1642655051 -1123619145 -935626463 734023361 1522764252 -1400856074 258965554 176362939 1156703331 1812645940 1260409980 -1320072985 1049933638 -1899255330 -1708687134 -1974871300 1130866276 1759807529 -1063177105 1271893004 -1214073962 -1637944577 225039543 -851819409 -1236106522 -1163984087 -1527725325 -532065848 2070897738 -1883423080 1893322855 2125080627 -686585754 1550116733 -362851841 849139329 -1934527710 1219842214 2092698942 -1714928125 10967317 -1513834652 851288452 -1738465616 -588408000 1666040130 -977810271 1478790588 1869817387 -1251593684 -553580911 658383645 -1116372118 1335493020 -628947677 46111678 556430757 -824149014 -1745419353 -1290427475 483501382 2081576701 -326997671 -492836070 -2023040992 -830439630 1002451189 -413231603 1341199480 410863122 -77267839 -411690854 1573673682 735614427 1168119004 1937296977 -2131918681 422266725 -605428359 -1210762182 -174309944 -738998978 -12197433 -723524673 -1824763500 1315855703 -17601674 275547235 -832138826 -591806195 86653421 331813436 -370243821 1817250714 -1152904362 384418282 -1672518956 947966190 1720925077 -1329679823 -797959484 1615016697 539373453 -1566569693 -106592639 -1913163401 -1396403236 -1078616214 674967944 -2128492646 -1525723222 248060229 1701532180 -550086647 -1470432797 -1700052406 -489921583 -345388120 924496373 633933477 680347845 668445225 1075872807 -1452733188 -358628233 1011038051 769822465 -1957010931 -1111007623 -675347555 1275088455 592870638 387864459 -1881673937 1991333166 401633752 1956830630 -510749736 -2068115135 -1903429847 -561952938 811448247 1968543598 169457763 -980441383 -1995515907 590014119 2051197994 1011347342 -239764860 -1973707010 653915297 735954257 -2066088616 -2071341440 -426792995 1012181075 1643858345 -601455773 -25316941 1207937312 -411148970 2038952941 1187937494 1291880056 -743048277 -719245995 1526927771 -982372395 -1868620641 798557256 -1962608891 1409843521 -1654485007 505991589 -375570113 456523341 1729860496 -1101956465 -1599468542 -434743407 1565026784 -507483816 -993371258 -727812377 1152690671 -507901397 -663967082 1326062396 -1825976872 1468625754 -1401005918 -897258290 1790790182 1700263845 -2034945456 -923195476 1376042271 1671588592 -678262787 -485045364 849980636 1701991515 2043256646 1850341189 -2125391234 1230171061 1862851828 -129908364 -1149375757 -1675110043 -1251132093 1786520237 -5882662 -811511457 1404712437 1670976682 171571225 2101983845 -728686190 -1612599121 -140760434 -908970142 -741992190 -1966350287 1160644117 1127062797 232412326 -1342427062 -1825632345 2119704330 1487468329 -1173941757 -1663104981 1089615440 476097265 1395543175 462072996 -233692734 -1280744009 -1192968203 -667133227 601128795 -591057132 1696796174 1456099435 1992957363 1614247441 -1200833516 1835334410 -1175147065 1665996642 785670136 -1930635611 993242066 -601770302 98453191 -580001999 1533892366 -1168598402 -106484606 -728112663 -734160941 -1968342486 821344718 -1844916142 -2130100180 415976017 -720258340 -1963882490 491428616 511355157 -992879687 226296276 -524325208 -351709649 -1210234507 2026305164 -964690426 442294748 -1212657100 1469689879 -301170284 -70628510 -1846581383 1222345942 707488890 -1099904602 -471858180 -98752656 -921968216 -390706675 -706737287 -714033180 -2034684932 1819520439 1558314488 1805575830 2093221191 1156770297 -253981690 1574516111 -900304454 238280932 -1190647952 -1170607020 66022624 -1559541630 1620356080 -2025658883 -382063115 -1098944444 -1843940396 577406584 -1786724477 -1748346135 1121362659 6079847 -391758868 844501703 505831382 1335570925 1343033957 715674180 1539066044 -391266138 -1822791139 168170625 -702829421 -1746905819 852537443 -1513221210 -406326369 177503283 -336346692 -339549114 -173842183 1205594647 -1619471286 812074242 -74443310 -882003803 -914869030 265234987 2088499867 1008016907 -1624237316 -1190609056 -385813973 1467459036 -2054278121 1467528455 577847887 -1733105292 -70044097 1313088841 1140602198 -1860423285 424012411 -655786540 -1613704551 289914688 945530972 -612234200 901846859 -1795106539 1588912537 226021484 -1749488310 675718919 157679072 -452596046 -999262703 -1872482522 1702464123 -921269391 -1344888419 1783734170 1951780420 921783467 -1337136813 1456416268 1625412329 367098925 -2072622013 -330237460 -383495811 1912419805 1480329736 -2063785622 -431940238 -752451345 1477799834 1047300824 746688887 -1411017633 835924229 852056776 -78077217 -530694613 -72221589 -1056687216 1955138581 532316246 2004982206 1226112407 352344687 716419424 -1617947668 473328643 -1002880279 -452104063 1546886847 1076288997 -1099030826 -1865775130 455937543 -2141317453 -1992027642 74324512 1921006410 2089307460 -139090910 -685004968 1022096991 1785063922 -1873518545 1784276697 1402846928 -275637863 1441668182 1300411412 -958345127 74792376 -2034983840 -721253840 -211548386 -1265045539 1715798493 845263635 -1528829271 

